../data/datasets/Penn_Action/frames/0001/000001.jpg 0 0 0 0 0 13 132 65 120 95 141 107 109 180 99 181 132 149 162 116 151 137 157 107 141 256 141 319 103 262 141 321 
../data/datasets/Penn_Action/frames/0001/000002.jpg 0 0 0 0 0 13 132 65 120 95 141 107 109 180 99 181 132 149 162 116 151 137 157 107 141 256 141 319 103 262 141 321 
../data/datasets/Penn_Action/frames/0001/000003.jpg 0 0 0 0 0 13 130 63 118 93 139 105 107 178 97 180 130 147 160 114 149 136 155 105 139 254 139 318 101 260 139 319 
../data/datasets/Penn_Action/frames/0001/000004.jpg 0 0 0 0 0 13 130 63 118 93 139 105 107 178 97 180 130 147 160 114 149 136 155 105 139 254 139 318 101 260 139 319 
../data/datasets/Penn_Action/frames/0001/000005.jpg 0 0 0 0 0 13 130 68 110 97 138 104 107 180 94 197 135 136 161 109 130 136 167 109 135 245 133 311 97 265 130 315 
../data/datasets/Penn_Action/frames/0001/000006.jpg 0 0 0 0 0 13 128 61 105 95 137 103 93 180 95 178 134 141 164 109 120 159 84 183 99 256 128 318 99 258 137 318 
../data/datasets/Penn_Action/frames/0001/000007.jpg 0 0 0 0 0 13 127 65 107 94 135 100 105 177 110 187 131 133 167 118 164 118 133 140 133 242 131 307 99 255 131 306 
../data/datasets/Penn_Action/frames/0001/000008.jpg 0 0 0 0 0 13 127 65 107 94 135 100 105 177 110 187 131 133 167 118 164 118 133 140 133 242 131 307 99 255 131 306 
../data/datasets/Penn_Action/frames/0001/000009.jpg 0 0 0 0 0 13 128 68 109 97 136 104 107 180 112 190 133 136 159 109 128 136 166 109 135 245 122 304 100 258 120 322 
../data/datasets/Penn_Action/frames/0001/000010.jpg 0 0 0 0 0 13 128 68 109 97 136 104 107 180 112 190 133 136 159 109 128 136 166 109 135 245 122 304 100 258 120 322 
../data/datasets/Penn_Action/frames/0001/000011.jpg 0 0 0 0 0 13 128 65 109 94 136 100 107 177 112 187 133 133 159 105 128 133 135 138 102 247 113 309 100 255 87 314 
../data/datasets/Penn_Action/frames/0001/000012.jpg 0 0 0 0 0 13 128 66 109 96 136 102 107 179 112 188 133 135 159 107 128 135 135 140 102 249 113 311 100 257 87 315 
../data/datasets/Penn_Action/frames/0001/000013.jpg 0 0 0 0 0 13 127 66 107 96 135 102 105 179 110 188 131 135 157 107 146 149 118 123 100 249 112 311 99 257 118 320 
../data/datasets/Penn_Action/frames/0001/000014.jpg 0 0 0 0 0 13 127 66 107 96 135 102 105 179 110 188 131 135 157 107 146 149 118 123 100 249 112 311 99 257 118 320 
../data/datasets/Penn_Action/frames/0001/000015.jpg 0 0 0 0 0 13 123 63 104 92 131 99 102 175 107 185 128 131 154 104 161 117 130 138 104 258 115 320 96 254 115 317 
../data/datasets/Penn_Action/frames/0001/000016.jpg 0 0 0 0 0 13 123 63 104 92 131 99 102 175 107 185 128 131 154 104 161 117 130 138 104 258 115 320 96 254 115 317 
../data/datasets/Penn_Action/frames/0001/000017.jpg 0 0 0 0 0 13 123 65 104 94 131 100 102 177 107 187 128 133 154 105 123 133 161 105 104 260 115 322 96 255 115 319 
../data/datasets/Penn_Action/frames/0001/000018.jpg 0 0 0 0 0 13 123 65 104 94 131 100 102 177 107 187 128 133 154 105 123 133 161 105 104 260 115 322 96 255 115 319 
../data/datasets/Penn_Action/frames/0001/000019.jpg 0 0 0 0 0 13 123 63 104 92 131 99 86 185 107 185 128 131 154 104 123 131 130 136 100 257 112 319 96 254 115 317 
../data/datasets/Penn_Action/frames/0001/000020.jpg 0 0 0 0 0 13 123 63 104 92 131 99 86 185 107 185 128 131 154 104 123 131 130 136 100 257 112 319 96 254 115 317 
../data/datasets/Penn_Action/frames/0001/000021.jpg 0 0 0 0 0 13 123 65 104 94 131 100 102 177 107 187 128 133 154 105 123 133 161 105 104 260 115 322 96 255 115 319 
../data/datasets/Penn_Action/frames/0001/000022.jpg 0 0 0 0 0 13 123 65 104 94 131 100 102 177 107 187 128 133 154 105 123 133 161 105 104 260 115 322 96 255 115 319 
../data/datasets/Penn_Action/frames/0001/000023.jpg 0 0 0 0 0 13 120 65 100 94 128 100 100 177 104 187 125 133 151 105 120 133 157 105 102 260 113 322 107 255 112 309 
../data/datasets/Penn_Action/frames/0001/000024.jpg 0 0 0 0 0 13 120 65 100 94 128 100 100 177 104 187 125 133 151 105 120 133 157 105 102 260 113 322 107 255 112 309 
../data/datasets/Penn_Action/frames/0001/000025.jpg 0 0 0 0 0 13 117 61 105 99 125 97 104 182 118 188 130 138 156 110 117 130 154 102 99 252 110 314 107 257 112 311 
../data/datasets/Penn_Action/frames/0001/000026.jpg 0 0 0 0 0 13 117 61 105 99 125 97 104 182 118 188 130 138 156 110 117 130 154 102 99 252 110 314 107 257 112 311 
../data/datasets/Penn_Action/frames/0001/000027.jpg 0 0 0 0 0 13 118 65 109 91 127 100 91 184 102 187 118 136 157 100 118 133 156 105 105 255 117 317 105 255 92 314 
../data/datasets/Penn_Action/frames/0001/000028.jpg 0 0 0 0 0 13 118 65 109 91 127 100 91 184 102 187 118 136 157 100 118 133 156 105 105 255 117 317 105 255 92 314 
../data/datasets/Penn_Action/frames/0001/000029.jpg 0 0 0 0 0 13 116 65 105 95 147 97 103 193 105 172 116 130 147 97 137 136 143 105 113 249 113 312 109 252 114 316 
../data/datasets/Penn_Action/frames/0001/000030.jpg 0 0 0 0 0 13 116 65 105 95 147 97 103 193 105 172 116 130 147 97 137 136 143 105 113 249 113 312 109 252 114 316 
../data/datasets/Penn_Action/frames/0001/000031.jpg 0 0 0 0 0 13 115 70 96 99 123 105 96 182 110 182 105 128 144 92 115 138 153 110 110 254 122 315 113 250 115 315 
../data/datasets/Penn_Action/frames/0001/000032.jpg 0 0 0 0 0 13 115 70 96 99 123 105 96 182 110 182 105 128 144 92 115 138 153 110 110 254 122 315 113 250 115 315 
../data/datasets/Penn_Action/frames/0001/000033.jpg 0 0 0 0 0 13 115 71 96 100 123 107 94 184 120 187 105 130 144 94 115 140 153 112 122 249 120 314 123 255 110 314 
../data/datasets/Penn_Action/frames/0001/000034.jpg 0 0 0 0 0 13 115 71 96 100 123 107 94 184 120 187 105 130 144 94 115 140 153 112 122 249 120 314 123 255 110 314 
../data/datasets/Penn_Action/frames/0001/000035.jpg 0 0 0 0 0 13 115 73 96 102 123 109 94 185 122 188 105 131 144 96 153 127 141 97 122 250 120 315 125 257 112 315 
../data/datasets/Penn_Action/frames/0001/000036.jpg 0 0 0 0 0 13 115 73 96 102 123 109 94 185 122 188 105 131 144 96 153 127 141 97 122 250 120 315 125 257 112 315 
../data/datasets/Penn_Action/frames/0001/000037.jpg 0 0 0 0 0 13 112 70 92 99 120 105 104 192 130 185 102 128 141 92 149 123 138 94 131 257 118 315 133 254 120 312 
../data/datasets/Penn_Action/frames/0001/000038.jpg 0 0 0 0 0 13 112 70 92 99 120 105 104 192 130 185 102 128 141 92 149 123 138 94 131 257 118 315 133 254 120 312 
../data/datasets/Penn_Action/frames/0001/000039.jpg 0 0 0 0 0 13 112 70 92 99 131 105 104 192 130 185 125 120 135 92 89 135 127 107 131 257 118 315 133 254 120 312 
../data/datasets/Penn_Action/frames/0001/000040.jpg 0 0 0 0 0 13 112 70 92 99 131 105 104 192 130 185 125 120 135 92 89 135 127 107 131 257 118 315 133 254 120 312 
